-261.0378578691273,-208.42211447349013
-256.20511551972265,-212.11806263658315
-252.53656701155296,-213.57349574504468
-250.6987595768834,-213.75939637192096
-248.90646131846563,-213.5852408297391
-229.72087116629734,-212.77229338185353
-225.1671459645478,-212.94544244177396
-215.5712911206603,-213.2099276493769
-196.74903131729926,-211.1013614197366
-194.12023308490043,-213.8443157218235
-188.98140845177087,-213.9979990323696
-172.3523726253934,-216.37091134744907
-152.6175641169211,-214.6085819021049
-150.8660091143994,-214.46274503042466
-149.50539887678596,-211.63164500017112
-149.19569318531057,-196.02361418764818
-138.82396947723942,-180.20472018795792
-130.52480068436373,-184.1246993355246
-122.00007871513631,-184.51853451345
-107.1832813530004,-184.1178266655073
-101.99567098115871,-184.07483724866518
-91.16961158258883,-182.39763380881752
-82.00876650923446,-183.06282234750313
-64.81202631986251,-183.39746327333216
-52.104087188351464,-184.64532326540274
-33.706976178664604,-184.54801084451896
-26.418345324384518,-184.93984463585966
-7.2485349568052975,-184.87073225598203
6.287497821968047,-184.99189851355155
17.20725483416834,-196.93855590524493
16.450942063287922,-202.63640373425926
15.955554853727705,-209.1379353701589
16.084470056142198,-210.54786473384576
16.545498599510843,-212.04988030040934
17.872241813024736,-216.23760296379032
25.68884471606705,-218.58867422305735
36.591163509851384,-217.29090229829694
49.278539408745345,-216.63839436718413
58.0091051057655,-216.18876281800738
77.8604526574495,-217.4054051451725
78.51205448578023,-220.29443696003992
81.56789730104464,-222.11040165363846
98.51131701696356,-220.49638680234085
102.21323535768425,-222.33565204113472
105.89697669671317,-221.5674901329868
106.46464774410993,-221.0351652397614
107.28291075023743,-207.76669838398624
124.80265216410014,-206.01636295288048
128.85210068408438,-216.9659037256251
130.3462600151598,-218.03689948348804
147.96667059392104,-218.67685174411284
165.67364049861263,-220.80668922954322
167.44917838058973,-220.7312914201299
186.19480192517668,-218.87832226371438
204.0174550412965,-219.97750439715102
219.61714813156976,-220.35575476301977
230.3618689113596,-222.09280623443672
241.63506517593754,-219.75835484057433
243.5044389620088,-219.1651523642228
245.15479411164694,-218.04331164020581
245.18394777304292,-218.01136787669537
248.78613421689164,-206.31314934934034
249.36494558708335,-193.70299590984027
248.9952044231758,-180.05564128442987
248.72923058245337,-168.97444945249896
248.2056184575535,-157.63455894541477
248.9503733744189,-148.743904992313
249.94958992002617,-133.94976468964637
250.72858658256823,-121.81417662891572
250.35419250960928,-112.7143040376025
248.28325092028837,-97.76094515393953
248.29904198642993,-92.02667240473849
249.82425458712086,-72.42349108020107
246.7758440483764,-66.6805134694775
252.22305684339733,-50.20319349274103
252.78800761542848,-47.69549221763234
252.19670163276535,-39.88601715941837
248.56023909482445,-21.551269992900004
249.66355782630072,-16.054515384335666
249.94608565794323,-14.215494154347441
248.85348961838315,4.854031726081187
249.71672383061804,9.020163310036189
247.61292884775054,21.82549247683474
254.21260543216894,33.47730812509661
255.21407878271174,39.07718100741744
256.12568234454926,47.04641257112829
256.09434624586476,61.2698399973473
255.94326700249988,77.10995298028476
250.33406024839385,85.56824858221846
251.57146062115973,103.57259451139562
254.4217840744288,113.90670260942441
259.24607946022047,129.71467419311057
260.09611294934143,137.25391894755202
259.5728119025303,153.47131334937893
260.0495443063651,167.9171924259576
260.41487213677914,179.55396734800215
261.84661124519454,195.98931826258362
262.43583725394154,204.96208956305796
262.16054600230024,207.1155614892204
244.248540753358,215.1321840724448
240.20272034242387,215.56917479599474
228.43815590199324,215.22380122005683
211.9513390255114,205.91627666401334
200.11392190066007,214.39845505769716
188.9158567509937,214.67507023050297
175.42774079976007,214.69533882884036
161.6743133644309,216.33617480819188
147.5411517240279,210.1858988390795
139.5159975386659,215.69276366774267
129.20263036588696,217.2786254711308
119.30139967262605,217.90869515682255
101.45980989628217,216.2083744392337
94.7896754132214,217.61483934028303
91.87229983032124,218.04837028300557
79.37578344847861,217.31304638271448
62.9162274988426,218.8406046764635
57.96939680608541,212.11798218615544
48.288199769693996,195.9872711155744
32.71128594965423,198.39436666894449
33.04265580603284,210.24359430572673
36.8758516704748,215.9202336799362
29.75726193365168,218.41903895622252
21.186359680976196,218.84330900593434
6.631891102155807,218.24095508328597
-13.232140529076803,219.28665190999544
-17.064488419135408,220.02874927528075
-24.273443466842597,219.64652300703503
-32.69073953048372,218.42508174892572
-47.798484488761886,219.16189101571098
-66.05080268126969,219.11517592769516
-73.24449086741495,219.52106922711545
-90.78038886413484,220.3218108949681
-110.3476326758573,217.80751919498397
-124.07200203488173,219.72925040071266
-131.63078097493127,220.24015237317283
-142.42139624792637,220.60963932856384
-160.72761960903628,220.27177611192963
-164.33966506139814,220.68292084322496
-181.36536931620319,219.94348094849778
-194.1915670089238,219.82273639479894
-213.4356661460253,221.5455127387886
-226.6139944039339,214.23682006931566
-236.556451172278,220.6463653316262
-238.14704146845312,221.2606981076634
-238.61305890437768,221.35090458977146
-242.0273806513988,219.43254704024667
-242.6986776652198,209.7297118041296
-244.81872038278786,199.48790412356428
-244.80452523579723,180.75169133154566
-245.55945050731637,175.82404734233322
-246.00355504451005,160.04370146874592
-246.1622638639812,145.83262309444152
-246.94175400637812,130.07337925446282
-246.96527230421714,120.62080315428427
-243.96120118960556,106.14826857224384
-244.45530106947948,89.37586104950852
-244.885247898907,79.91719079551056
-243.75031226453308,75.69219679482511
-241.63142686133293,74.49451238392832
-234.15516248804647,71.55103548224768
-232.28305581263155,70.81498463762688
-221.24714492706983,69.90815882968977
-201.66181325315168,73.90532034164028
-192.20457668369718,59.30326656248401
-192.43858732557064,45.99880283373907
-192.3108351915416,27.743647887197255
-190.37857289474368,11.663049852410934
-191.77273896626374,1.4918295979369223
-192.41031721670797,-3.8855975019464584
-193.15378345478334,-13.981653557795326
-192.46445941156406,-31.272728216804822
-193.10803005530948,-46.615568430614914
-209.33192806072526,-57.81101886370901
-218.67158513745798,-55.914573257044566
-223.4689983409381,-55.73489060603225
-237.77501491317204,-55.32004083205773
-248.81549684097232,-55.56477900218386
-252.53971539304635,-55.86130459363843
-253.37843747532642,-56.068143102373426
-257.68311641675325,-58.06385558949088
-259.5910486130402,-59.388630009674024
-260.0343091768861,-60.538330219528326
-259.8759684006598,-67.43488557699374
-259.6702227516049,-85.48561177894727
-260.1864723149454,-88.37828048420047
-260.49365738539774,-106.11082975898016
-260.7037827169835,-110.00590703100256
-260.0740679771429,-120.4161672432369
-259.4477849188033,-135.19131182089956
-259.4915116434673,-145.10612088126734
-260.3189920214216,-164.12110942673067
-260.41070821365525,-165.9862514964085
-260.3403179744143,-175.94212451358882
-261.24199995942723,-194.95231498548847
-262.5743599627728,-198.74838921967898
